CameraFx=[901.851];
CameraFy=[901.851];
CameraU0=[408.481];
CameraV0=[293.304];
CameraDistK1=[-0.228728];
CameraDistK2=[0.204354];
refPoseR={};
refPoseR{1}=[[0.99855798, -0.02794412, 0.045837082;
 0.028951384, 0.99935043, -0.021460116;
 -0.045207623, 0.022756217, 0.99871838]];
refPoseT={};
refPoseT{1}=[[0.966239, -0.348848, 0.322404]];
refPos={};
refPos{1}=[[48, 572]];
refXn={};
refXn{1}=[[-0.370941, 0.286783, 0.883266]];
imgPoseR={};
imgPoseR{1}=[[0.99765944, -0.029005745, 0.061921556;
 0.031501759, 0.99871409, -0.039720904;
 -0.060689796, 0.041578572, 0.99729031]];
imgPoseT={};
imgPoseT{1}=[[1.12317, -0.277425, 0.328092]];
imgPos={};
imgPos{1}=[[76, 560]];
imgXn={};
imgXn{1}=[[-0.345601, 0.27722, 0.896498]];
refPoseR{2}=[[0.99855798, -0.02794412, 0.045837082;
 0.028951384, 0.99935043, -0.021460116;
 -0.045207623, 0.022756217, 0.99871838]];
refPoseT{2}=[[0.966239, -0.348848, 0.322404]];
refPos{2}=[[48, 228]];
refXn{2}=[[-0.381448, -0.0691026, 0.921804]];
imgPoseR{2}=[[0.99765944, -0.029005745, 0.061921556;
 0.031501759, 0.99871409, -0.039720904;
 -0.060689796, 0.041578572, 0.99729031]];
imgPoseT{2}=[[1.12317, -0.277425, 0.328092]];
imgPos{2}=[[108, 220]];
imgXn{2}=[[-0.322417, -0.0786557, 0.943324]];
refPoseR{3}=[[0.99855798, -0.02794412, 0.045837082;
 0.028951384, 0.99935043, -0.021460116;
 -0.045207623, 0.022756217, 0.99871838]];
refPoseT{3}=[[0.966239, -0.348848, 0.322404]];
refPos{3}=[[48, 160]];
refXn{3}=[[-0.379548, -0.140355, 0.914464]];
imgPoseR{3}=[[0.99765944, -0.029005745, 0.061921556;
 0.031501759, 0.99871409, -0.039720904;
 -0.060689796, 0.041578572, 0.99729031]];
imgPoseT{3}=[[1.12317, -0.277425, 0.328092]];
imgPos{3}=[[232, 244]];
imgXn{3}=[[-0.193489, -0.0540558, 0.979612]];
refPoseR{4}=[[0.99855798, -0.02794412, 0.045837082;
 0.028951384, 0.99935043, -0.021460116;
 -0.045207623, 0.022756217, 0.99871838]];
refPoseT{4}=[[0.966239, -0.348848, 0.322404]];
refPos{4}=[[80, 228]];
refXn{4}=[[-0.350386, -0.0696592, 0.934011]];
imgPoseR{4}=[[0.99765944, -0.029005745, 0.061921556;
 0.031501759, 0.99871409, -0.039720904;
 -0.060689796, 0.041578572, 0.99729031]];
imgPoseT{4}=[[1.12317, -0.277425, 0.328092]];
imgPos{4}=[[88, 216]];
imgXn{4}=[[-0.342281, -0.0825627, 0.935963]];
refPoseR{5}=[[0.99855798, -0.02794412, 0.045837082;
 0.028951384, 0.99935043, -0.021460116;
 -0.045207623, 0.022756217, 0.99871838]];
refPoseT{5}=[[0.966239, -0.348848, 0.322404]];
refPos{5}=[[352, 132]];
refXn{5}=[[-0.0620158, -0.177112, 0.982235]];
imgPoseR{5}=[[0.99765944, -0.029005745, 0.061921556;
 0.031501759, 0.99871409, -0.039720904;
 -0.060689796, 0.041578572, 0.99729031]];
imgPoseT{5}=[[1.12317, -0.277425, 0.328092]];
imgPos{5}=[[372, 124]];
imgXn{5}=[[-0.0400452, -0.185846, 0.981762]];
refPoseR{6}=[[0.99855798, -0.02794412, 0.045837082;
 0.028951384, 0.99935043, -0.021460116;
 -0.045207623, 0.022756217, 0.99871838]];
refPoseT{6}=[[0.966239, -0.348848, 0.322404]];
refPos{6}=[[520, 220]];
refXn{6}=[[0.12292, -0.0807984, 0.989122]];
imgPoseR{6}=[[0.99765944, -0.029005745, 0.061921556;
 0.031501759, 0.99871409, -0.039720904;
 -0.060689796, 0.041578572, 0.99729031]];
imgPoseT{6}=[[1.12317, -0.277425, 0.328092]];
imgPos{6}=[[548, 208]];
imgXn{6}=[[0.15332, -0.0937422, 0.98372]];
refPoseR{7}=[[0.99855798, -0.02794412, 0.045837082;
 0.028951384, 0.99935043, -0.021460116;
 -0.045207623, 0.022756217, 0.99871838]];
refPoseT{7}=[[0.966239, -0.348848, 0.322404]];
refPos{7}=[[112, 420]];
refXn{7}=[[-0.317186, 0.135544, 0.938627]];
imgPoseR{7}=[[0.99765944, -0.029005745, 0.061921556;
 0.031501759, 0.99871409, -0.039720904;
 -0.060689796, 0.041578572, 0.99729031]];
imgPoseT{7}=[[1.12317, -0.277425, 0.328092]];
imgPos{7}=[[136, 408]];
imgXn{7}=[[-0.293229, 0.12343, 0.948041]];
refPoseR{8}=[[0.99855798, -0.02794412, 0.045837082;
 0.028951384, 0.99935043, -0.021460116;
 -0.045207623, 0.022756217, 0.99871838]];
refPoseT{8}=[[0.966239, -0.348848, 0.322404]];
refPos{8}=[[104, 512]];
refXn{8}=[[-0.321441, 0.230877, 0.918353]];
imgPoseR{8}=[[0.99765944, -0.029005745, 0.061921556;
 0.031501759, 0.99871409, -0.039720904;
 -0.060689796, 0.041578572, 0.99729031]];
imgPoseT{8}=[[1.12317, -0.277425, 0.328092]];
imgPos{8}=[[128, 500]];
imgXn{8}=[[-0.298188, 0.219745, 0.928868]];
refPoseR{9}=[[0.99855798, -0.02794412, 0.045837082;
 0.028951384, 0.99935043, -0.021460116;
 -0.045207623, 0.022756217, 0.99871838]];
refPoseT{9}=[[0.966239, -0.348848, 0.322404]];
refPos{9}=[[268, 544]];
refXn{9}=[[-0.151435, 0.270244, 0.950808]];
imgPoseR{9}=[[0.99765944, -0.029005745, 0.061921556;
 0.031501759, 0.99871409, -0.039720904;
 -0.060689796, 0.041578572, 0.99729031]];
imgPoseT{9}=[[1.12317, -0.277425, 0.328092]];
imgPos{9}=[[296, 532]];
imgXn{9}=[[-0.121802, 0.258477, 0.958308]];
refPoseR{10}=[[0.99855798, -0.02794412, 0.045837082;
 0.028951384, 0.99935043, -0.021460116;
 -0.045207623, 0.022756217, 0.99871838]];
refPoseT{10}=[[0.966239, -0.348848, 0.322404]];
refPos{10}=[[16, 224]];
refXn{10}=[[-0.411524, -0.0726668, 0.908497]];
imgPoseR{10}=[[0.99765944, -0.029005745, 0.061921556;
 0.031501759, 0.99871409, -0.039720904;
 -0.060689796, 0.041578572, 0.99729031]];
imgPoseT{10}=[[1.12317, -0.277425, 0.328092]];
imgPos{10}=[[56, 216]];
imgXn{10}=[[-0.373529, -0.0819205, 0.923994]];
refPoseR{11}=[[0.99855798, -0.02794412, 0.045837082;
 0.028951384, 0.99935043, -0.021460116;
 -0.045207623, 0.022756217, 0.99871838]];
refPoseT{11}=[[0.966239, -0.348848, 0.322404]];
refPos{11}=[[404, 216]];
refXn{11}=[[-0.00495844, -0.0855457, 0.996322]];
imgPoseR{11}=[[0.99765944, -0.029005745, 0.061921556;
 0.031501759, 0.99871409, -0.039720904;
 -0.060689796, 0.041578572, 0.99729031]];
imgPoseT{11}=[[1.12317, -0.277425, 0.328092]];
imgPos{11}=[[432, 204]];
imgXn{11}=[[0.0260046, -0.0987413, 0.994773]];
refPoseR{12}=[[0.99855798, -0.02794412, 0.045837082;
 0.028951384, 0.99935043, -0.021460116;
 -0.045207623, 0.022756217, 0.99871838]];
refPoseT{12}=[[0.966239, -0.348848, 0.322404]];
refPos{12}=[[244, 576]];
refXn{12}=[[-0.175777, 0.302112, 0.936926]];
imgPoseR{12}=[[0.99765944, -0.029005745, 0.061921556;
 0.031501759, 0.99871409, -0.039720904;
 -0.060689796, 0.041578572, 0.99729031]];
imgPoseT{12}=[[1.12317, -0.277425, 0.328092]];
imgPos{12}=[[272, 564]];
imgXn{12}=[[-0.14664, 0.290845, 0.945466]];
refPoseR{13}=[[0.99855798, -0.02794412, 0.045837082;
 0.028951384, 0.99935043, -0.021460116;
 -0.045207623, 0.022756217, 0.99871838]];
refPoseT{13}=[[0.966239, -0.348848, 0.322404]];
refPos{13}=[[68, 316]];
refXn{13}=[[-0.362626, 0.024172, 0.931621]];
imgPoseR{13}=[[0.99765944, -0.029005745, 0.061921556;
 0.031501759, 0.99871409, -0.039720904;
 -0.060689796, 0.041578572, 0.99729031]];
imgPoseT{13}=[[1.12317, -0.277425, 0.328092]];
imgPos{13}=[[92, 300]];
imgXn{13}=[[-0.339036, 0.00717301, 0.940746]];
refPoseR{14}=[[0.99855798, -0.02794412, 0.045837082;
 0.028951384, 0.99935043, -0.021460116;
 -0.045207623, 0.022756217, 0.99871838]];
refPoseT{14}=[[0.966239, -0.348848, 0.322404]];
refPos{14}=[[412, 88]];
refXn{14}=[[0.00384716, -0.224433, 0.974482]];
imgPoseR{14}=[[0.99765944, -0.029005745, 0.061921556;
 0.031501759, 0.99871409, -0.039720904;
 -0.060689796, 0.041578572, 0.99729031]];
imgPoseT{14}=[[1.12317, -0.277425, 0.328092]];
imgPos{14}=[[444, 76]];
imgXn{14}=[[0.0387448, -0.237038, 0.970728]];
refPoseR{15}=[[0.99855798, -0.02794412, 0.045837082;
 0.028951384, 0.99935043, -0.021460116;
 -0.045207623, 0.022756217, 0.99871838]];
refPoseT{15}=[[0.966239, -0.348848, 0.322404]];
refPos{15}=[[432, 200]];
refXn{15}=[[0.0259983, -0.103139, 0.994327]];
imgPoseR{15}=[[0.99765944, -0.029005745, 0.061921556;
 0.031501759, 0.99871409, -0.039720904;
 -0.060689796, 0.041578572, 0.99729031]];
imgPoseT{15}=[[1.12317, -0.277425, 0.328092]];
imgPos{15}=[[460, 188]];
imgXn{15}=[[0.056864, -0.116229, 0.991593]];
refPoseR{16}=[[0.99855798, -0.02794412, 0.045837082;
 0.028951384, 0.99935043, -0.021460116;
 -0.045207623, 0.022756217, 0.99871838]];
refPoseT{16}=[[0.966239, -0.348848, 0.322404]];
refPos{16}=[[100, 296]];
