CameraFx=[901.851];
CameraFy=[901.851];
CameraU0=[408.481];
CameraV0=[293.304];
CameraDistK1=[-0.228728];
CameraDistK2=[0.204354];
refPoseR={};
refPoseR{1}=[[0.99855798, -0.02794412, 0.045837082;
 0.028951384, 0.99935043, -0.021460116;
 -0.045207623, 0.022756217, 0.99871838]];
refPoseT={};
refPoseT{1}=[[0.966239, -0.348848, 0.322404]];
refPos={};
refPos{1}=[[48, 572]];
refXn={};
refXn{1}=[[-0.370941, 0.286783, 0.883266]];
imgPoseR={};
imgPoseR{1}=[[0.99765944, -0.029005745, 0.061921556;
 0.031501759, 0.99871409, -0.039720904;
 -0.060689796, 0.041578572, 0.99729031]];
imgPoseT={};
imgPoseT{1}=[[1.12317, -0.277425, 0.328092]];
imgPos={};
imgPos{1}=[[76, 560]];
imgXn={};
imgXn{1}=[[-0.345601, 0.27722, 0.896498]];
refPoseR{2}=[[0.99855798, -0.02794412, 0.045837082;
 0.028951384, 0.99935043, -0.021460116;
 -0.045207623, 0.022756217, 0.99871838]];
refPoseT{2}=[[0.966239, -0.348848, 0.322404]];
refPos{2}=[[48, 228]];
refXn{2}=[[-0.381448, -0.0691026, 0.921804]];
imgPoseR{2}=[[0.99765944, -0.029005745, 0.061921556;
 0.031501759, 0.99871409, -0.039720904;
 -0.060689796, 0.041578572, 0.99729031]];
imgPoseT{2}=[[1.12317, -0.277425, 0.328092]];
imgPos{2}=[[108, 220]];
imgXn{2}=[[-0.322417, -0.0786557, 0.943324]];
refPoseR{3}=[[0.99855798, -0.02794412, 0.045837082;
 0.028951384, 0.99935043, -0.021460116;
 -0.045207623, 0.022756217, 0.99871838]];
refPoseT{3}=[[0.966239, -0.348848, 0.322404]];
refPos{3}=[[48, 160]];
refXn{3}=[[-0.379548, -0.140355, 0.914464]];
imgPoseR{3}=[[0.99765944, -0.029005745, 0.061921556;
 0.031501759, 0.99871409, -0.039720904;
 -0.060689796, 0.041578572, 0.99729031]];
imgPoseT{3}=[[1.12317, -0.277425, 0.328092]];
imgPos{3}=[[232, 244]];
imgXn{3}=[[-0.193489, -0.0540558, 0.979612]];
refPoseR{4}=[[0.99855798, -0.02794412, 0.045837082;
 0.028951384, 0.99935043, -0.021460116;
 -0.045207623, 0.022756217, 0.99871838]];
refPoseT{4}=[[0.966239, -0.348848, 0.322404]];
refPos{4}=[[80, 228]];
refXn{4}=[[-0.350386, -0.0696592, 0.934011]];
imgPoseR{4}=[[0.99765944, -0.029005745, 0.061921556;
 0.031501759, 0.99871409, -0.039720904;
 -0.060689796, 0.041578572, 0.99729031]];
imgPoseT{4}=[[1.12317, -0.277425, 0.328092]];
imgPos{4}=[[88, 216]];
imgXn{4}=[[-0.342281, -0.0825627, 0.935963]];
refPoseR{5}=[[0.99855798, -0.02794412, 0.045837082;
 0.028951384, 0.99935043, -0.021460116;
 -0.045207623, 0.022756217, 0.99871838]];
refPoseT{5}=[[0.966239, -0.348848, 0.322404]];
refPos{5}=[[352, 132]];
refXn{5}=[[-0.0620158, -0.177112, 0.982235]];
imgPoseR{5}=[[0.99765944, -0.029005745, 0.061921556;
 0.031501759, 0.99871409, -0.039720904;
 -0.060689796, 0.041578572, 0.99729031]];
imgPoseT{5}=[[1.12317, -0.277425, 0.328092]];
imgPos{5}=[[372, 124]];
imgXn{5}=[[-0.0400452, -0.185846, 0.981762]];
refPoseR{6}=[[0.99855798, -0.02794412, 0.045837082;
 0.028951384, 0.99935043, -0.021460116;
 -0.045207623, 0.022756217, 0.99871838]];
refPoseT{6}=[[0.966239, -0.348848, 0.322404]];
refPos{6}=[[520, 220]];
refXn{6}=[[0.12292, -0.0807984, 0.989122]];
imgPoseR{6}=[[0.99765944, -0.029005745, 0.061921556;
 0.031501759, 0.99871409, -0.039720904;
 -0.060689796, 0.041578572, 0.99729031]];
imgPoseT{6}=[[1.12317, -0.277425, 0.328092]];
imgPos{6}=[[548, 208]];
imgXn{6}=[[0.15332, -0.0937422, 0.98372]];
refPoseR{7}=[[0.99855798, -0.02794412, 0.045837082;
 0.028951384, 0.99935043, -0.021460116;
 -0.045207623, 0.022756217, 0.99871838]];
refPoseT{7}=[[0.966239, -0.348848, 0.322404]];
refPos{7}=[[112, 420]];
refXn{7}=[[-0.317186, 0.135544, 0.938627]];
imgPoseR{7}=[[0.99765944, -0.029005745, 0.061921556;
 0.031501759, 0.99871409, -0.039720904;
 -0.060689796, 0.041578572, 0.99729031]];
imgPoseT{7}=[[1.12317, -0.277425, 0.328092]];
imgPos{7}=[[136, 408]];
imgXn{7}=[[-0.293229, 0.12343, 0.948041]];
refPoseR{8}=[[0.99855798, -0.02794412, 0.045837082;
 0.028951384, 0.99935043, -0.021460116;
 -0.045207623, 0.022756217, 0.99871838]];
refPoseT{8}=[[0.966239, -0.348848, 0.322404]];
refPos{8}=[[104, 512]];
refXn{8}=[[-0.321441, 0.230877, 0.918353]];
imgPoseR{8}=[[0.99765944, -0.029005745, 0.061921556;
 0.031501759, 0.99871409, -0.039720904;
 -0.060689796, 0.041578572, 0.99729031]];
imgPoseT{8}=[[1.12317, -0.277425, 0.328092]];
imgPos{8}=[[128, 500]];
imgXn{8}=[[-0.298188, 0.219745, 0.928868]];
refPoseR{9}=[[0.99855798, -0.02794412, 0.045837082;
 0.028951384, 0.99935043, -0.021460116;
 -0.045207623, 0.022756217, 0.99871838]];
refPoseT{9}=[[0.966239, -0.348848, 0.322404]];
refPos{9}=[[268, 544]];
refXn{9}=[[-0.151435, 0.270244, 0.950808]];
imgPoseR{9}=[[0.99765944, -0.029005745, 0.061921556;
 0.031501759, 0.99871409, -0.039720904;
 -0.060689796, 0.041578572, 0.99729031]];
imgPoseT{9}=[[1.12317, -0.277425, 0.328092]];
imgPos{9}=[[296, 532]];
imgXn{9}=[[-0.121802, 0.258477, 0.958308]];
refPoseR{10}=[[0.99855798, -0.02794412, 0.045837082;
 0.028951384, 0.99935043, -0.021460116;
 -0.045207623, 0.022756217, 0.99871838]];
refPoseT{10}=[[0.966239, -0.348848, 0.322404]];
refPos{10}=[[16, 224]];
refXn{10}=[[-0.411524, -0.0726668, 0.908497]];
imgPoseR{10}=[[0.99765944, -0.029005745, 0.061921556;
 0.031501759, 0.99871409, -0.039720904;
 -0.060689796, 0.041578572, 0.99729031]];
imgPoseT{10}=[[1.12317, -0.277425, 0.328092]];
imgPos{10}=[[56, 216]];
imgXn{10}=[[-0.373529, -0.0819205, 0.923994]];
refPoseR{11}=[[0.99855798, -0.02794412, 0.045837082;
 0.028951384, 0.99935043, -0.021460116;
 -0.045207623, 0.022756217, 0.99871838]];
refPoseT{11}=[[0.966239, -0.348848, 0.322404]];
refPos{11}=[[404, 216]];
refXn{11}=[[-0.00495844, -0.0855457, 0.996322]];
imgPoseR{11}=[[0.99765944, -0.029005745, 0.061921556;
 0.031501759, 0.99871409, -0.039720904;
 -0.060689796, 0.041578572, 0.99729031]];
imgPoseT{11}=[[1.12317, -0.277425, 0.328092]];
imgPos{11}=[[432, 204]];
imgXn{11}=[[0.0260046, -0.0987413, 0.994773]];
refPoseR{12}=[[0.99855798, -0.02794412, 0.045837082;
 0.028951384, 0.99935043, -0.021460116;
 -0.045207623, 0.022756217, 0.99871838]];
refPoseT{12}=[[0.966239, -0.348848, 0.322404]];
refPos{12}=[[244, 576]];
refXn{12}=[[-0.175777, 0.302112, 0.936926]];
imgPoseR{12}=[[0.99765944, -0.029005745, 0.061921556;
 0.031501759, 0.99871409, -0.039720904;
 -0.060689796, 0.041578572, 0.99729031]];
imgPoseT{12}=[[1.12317, -0.277425, 0.328092]];
imgPos{12}=[[272, 564]];
imgXn{12}=[[-0.14664, 0.290845, 0.945466]];
refPoseR{13}=[[0.99855798, -0.02794412, 0.045837082;
 0.028951384, 0.99935043, -0.021460116;
 -0.045207623, 0.022756217, 0.99871838]];
refPoseT{13}=[[0.966239, -0.348848, 0.322404]];
refPos{13}=[[68, 316]];
refXn{13}=[[-0.362626, 0.024172, 0.931621]];
imgPoseR{13}=[[0.99765944, -0.029005745, 0.061921556;
 0.031501759, 0.99871409, -0.039720904;
 -0.060689796, 0.041578572, 0.99729031]];
imgPoseT{13}=[[1.12317, -0.277425, 0.328092]];
imgPos{13}=[[92, 300]];
imgXn{13}=[[-0.339036, 0.00717301, 0.940746]];
refPoseR{14}=[[0.99855798, -0.02794412, 0.045837082;
 0.028951384, 0.99935043, -0.021460116;
 -0.045207623, 0.022756217, 0.99871838]];
refPoseT{14}=[[0.966239, -0.348848, 0.322404]];
refPos{14}=[[412, 88]];
refXn{14}=[[0.00384716, -0.224433, 0.974482]];
imgPoseR{14}=[[0.99765944, -0.029005745, 0.061921556;
 0.031501759, 0.99871409, -0.039720904;
 -0.060689796, 0.041578572, 0.99729031]];
imgPoseT{14}=[[1.12317, -0.277425, 0.328092]];
imgPos{14}=[[444, 76]];
imgXn{14}=[[0.0387448, -0.237038, 0.970728]];
refPoseR{15}=[[0.99855798, -0.02794412, 0.045837082;
 0.028951384, 0.99935043, -0.021460116;
 -0.045207623, 0.022756217, 0.99871838]];
refPoseT{15}=[[0.966239, -0.348848, 0.322404]];
refPos{15}=[[432, 200]];
refXn{15}=[[0.0259983, -0.103139, 0.994327]];
imgPoseR{15}=[[0.99765944, -0.029005745, 0.061921556;
 0.031501759, 0.99871409, -0.039720904;
 -0.060689796, 0.041578572, 0.99729031]];
imgPoseT{15}=[[1.12317, -0.277425, 0.328092]];
imgPos{15}=[[460, 188]];
imgXn{15}=[[0.056864, -0.116229, 0.991593]];
refPoseR{16}=[[0.99855798, -0.02794412, 0.045837082;
 0.028951384, 0.99935043, -0.021460116;
 -0.045207623, 0.022756217, 0.99871838]];
refPoseT{16}=[[0.966239, -0.348848, 0.322404]];
refPos{16}=[[100, 296]];
refXn{16}=[[-0.331059, 0.00289311, 0.943606]];
imgPoseR{16}=[[0.99765944, -0.029005745, 0.061921556;
 0.031501759, 0.99871409, -0.039720904;
 -0.060689796, 0.041578572, 0.99729031]];
imgPoseT{16}=[[1.12317, -0.277425, 0.328092]];
imgPos{16}=[[124, 284]];
imgXn{16}=[[-0.306832, -0.0100352, 0.951711]];
refPoseR{17}=[[0.99855798, -0.02794412, 0.045837082;
 0.028951384, 0.99935043, -0.021460116;
 -0.045207623, 0.022756217, 0.99871838]];
refPoseT{17}=[[0.966239, -0.348848, 0.322404]];
refPos{17}=[[84, 440]];
refXn{17}=[[-0.344286, 0.15565, 0.925873]];
imgPoseR{17}=[[0.99765944, -0.029005745, 0.061921556;
 0.031501759, 0.99871409, -0.039720904;
 -0.060689796, 0.041578572, 0.99729031]];
imgPoseT{17}=[[1.12317, -0.277425, 0.328092]];
imgPos{17}=[[108, 428]];
imgXn{17}=[[-0.32095, 0.143871, 0.936105]];
refPoseR{18}=[[0.99855798, -0.02794412, 0.045837082;
 0.028951384, 0.99935043, -0.021460116;
 -0.045207623, 0.022756217, 0.99871838]];
refPoseT{18}=[[0.966239, -0.348848, 0.322404]];
refPos{18}=[[72, 536]];
refXn{18}=[[-0.351039, 0.253196, 0.901479]];
imgPoseR{18}=[[0.99765944, -0.029005745, 0.061921556;
 0.031501759, 0.99871409, -0.039720904;
 -0.060689796, 0.041578572, 0.99729031]];
imgPoseT{18}=[[1.12317, -0.277425, 0.328092]];
imgPos{18}=[[96, 524]];
imgXn{18}=[[-0.328623, 0.242613, 0.912768]];
refPoseR{19}=[[0.99855798, -0.02794412, 0.045837082;
 0.028951384, 0.99935043, -0.021460116;
 -0.045207623, 0.022756217, 0.99871838]];
refPoseT{19}=[[0.966239, -0.348848, 0.322404]];
refPos{19}=[[552, 564]];
refXn{19}=[[0.154095, 0.290642, 0.944342]];
imgPoseR{19}=[[0.99765944, -0.029005745, 0.061921556;
 0.031501759, 0.99871409, -0.039720904;
 -0.060689796, 0.041578572, 0.99729031]];
imgPoseT{19}=[[1.12317, -0.277425, 0.328092]];
imgPos{19}=[[576, 552]];
imgXn{19}=[[0.179792, 0.277648, 0.943709]];
refPoseR{20}=[[0.99855798, -0.02794412, 0.045837082;
 0.028951384, 0.99935043, -0.021460116;
 -0.045207623, 0.022756217, 0.99871838]];
refPoseT{20}=[[0.966239, -0.348848, 0.322404]];
refPos{20}=[[116, 196]];
refXn{20}=[[-0.313905, -0.104432, 0.943693]];
imgPoseR{20}=[[0.99765944, -0.029005745, 0.061921556;
 0.031501759, 0.99871409, -0.039720904;
 -0.060689796, 0.041578572, 0.99729031]];
imgPoseT{20}=[[1.12317, -0.277425, 0.328092]];
imgPos{20}=[[140, 184]];
imgXn{20}=[[-0.289268, -0.117767, 0.949976]];
refPoseR{21}=[[0.99855798, -0.02794412, 0.045837082;
 0.028951384, 0.99935043, -0.021460116;
 -0.045207623, 0.022756217, 0.99871838]];
refPoseT{21}=[[0.966239, -0.348848, 0.322404]];
refPos{21}=[[440, 48]];
refXn{21}=[[0.0342317, -0.266414, 0.963251]];
imgPoseR{21}=[[0.99765944, -0.029005745, 0.061921556;
 0.031501759, 0.99871409, -0.039720904;
 -0.060689796, 0.041578572, 0.99729031]];
imgPoseT{21}=[[1.12317, -0.277425, 0.328092]];
imgPos{21}=[[472, 40]];
imgXn{21}=[[0.0688174, -0.274432, 0.959141]];
refPoseR{22}=[[0.99855798, -0.02794412, 0.045837082;
 0.028951384, 0.99935043, -0.021460116;
 -0.045207623, 0.022756217, 0.99871838]];
refPoseT{22}=[[0.966239, -0.348848, 0.322404]];
refPos{22}=[[116, 376]];
refXn{22}=[[-0.314198, 0.0888362, 0.945192]];
imgPoseR{22}=[[0.99765944, -0.029005745, 0.061921556;
 0.031501759, 0.99871409, -0.039720904;
 -0.060689796, 0.041578572, 0.99729031]];
imgPoseT{22}=[[1.12317, -0.277425, 0.328092]];
imgPos{22}=[[140, 364]];
imgXn{22}=[[-0.289975, 0.0763556, 0.953983]];
refPoseR{23}=[[0.99855798, -0.02794412, 0.045837082;
 0.028951384, 0.99935043, -0.021460116;
 -0.045207623, 0.022756217, 0.99871838]];
refPoseT{23}=[[0.966239, -0.348848, 0.322404]];
refPos{23}=[[72, 572]];
refXn{23}=[[-0.348516, 0.288664, 0.891745]];
imgPoseR{23}=[[0.99765944, -0.029005745, 0.061921556;
 0.031501759, 0.99871409, -0.039720904;
 -0.060689796, 0.041578572, 0.99729031]];
imgPoseT{23}=[[1.12317, -0.277425, 0.328092]];
imgPos{23}=[[96, 560]];
imgXn{23}=[[-0.326416, 0.278589, 0.903239]];
refPoseR{24}=[[0.99855798, -0.02794412, 0.045837082;
 0.028951384, 0.99935043, -0.021460116;
 -0.045207623, 0.022756217, 0.99871838]];
refPoseT{24}=[[0.966239, -0.348848, 0.322404]];
refPos{24}=[[580, 568]];
refXn{24}=[[0.183437, 0.293783, 0.938106]];
imgPoseR{24}=[[0.99765944, -0.029005745, 0.061921556;
 0.031501759, 0.99871409, -0.039720904;
 -0.060689796, 0.041578572, 0.99729031]];
imgPoseT{24}=[[1.12317, -0.277425, 0.328092]];
imgPos{24}=[[604, 556]];
imgXn{24}=[[0.208928, 0.280711, 0.936777]];
refPoseR{25}=[[0.99855798, -0.02794412, 0.045837082;
 0.028951384, 0.99935043, -0.021460116;
 -0.045207623, 0.022756217, 0.99871838]];
refPoseT{25}=[[0.966239, -0.348848, 0.322404]];
refPos{25}=[[496, 568]];
refXn{25}=[[0.0943259, 0.29606, 0.950501]];
imgPoseR{25}=[[0.99765944, -0.029005745, 0.061921556;
 0.031501759, 0.99871409, -0.039720904;
 -0.060689796, 0.041578572, 0.99729031]];
imgPoseT{25}=[[1.12317, -0.277425, 0.328092]];
imgPos{25}=[[520, 556]];
imgXn{25}=[[0.120263, 0.283293, 0.951463]];
refPoseR{26}=[[0.99855798, -0.02794412, 0.045837082;
 0.028951384, 0.99935043, -0.021460116;
 -0.045207623, 0.022756217, 0.99871838]];
refPoseT{26}=[[0.966239, -0.348848, 0.322404]];
refPos{26}=[[560, 540]];
refXn{26}=[[0.163263, 0.265817, 0.950098]];
imgPoseR{26}=[[0.99765944, -0.029005745, 0.061921556;
 0.031501759, 0.99871409, -0.039720904;
 -0.060689796, 0.041578572, 0.99729031]];
imgPoseT{26}=[[1.12317, -0.277425, 0.328092]];
imgPos{26}=[[584, 528]];
imgXn{26}=[[0.188985, 0.252702, 0.948908]];
refPoseR{27}=[[0.99855798, -0.02794412, 0.045837082;
 0.028951384, 0.99935043, -0.021460116;
 -0.045207623, 0.022756217, 0.99871838]];
refPoseT{27}=[[0.966239, -0.348848, 0.322404]];
refPos{27}=[[612, 560]];
refXn{27}=[[0.217062, 0.284442, 0.933797]];
imgPoseR{27}=[[0.99765944, -0.029005745, 0.061921556;
 0.031501759, 0.99871409, -0.039720904;
 -0.060689796, 0.041578572, 0.99729031]];
imgPoseT{27}=[[1.12317, -0.277425, 0.328092]];
imgPos{27}=[[100, 296]];
imgXn{27}=[[-0.331059, 0.00289311, 0.943606]];
refPoseR{28}=[[0.99855798, -0.02794412, 0.045837082;
 0.028951384, 0.99935043, -0.021460116;
 -0.045207623, 0.022756217, 0.99871838]];
refPoseT{28}=[[0.966239, -0.348848, 0.322404]];
refPos{28}=[[80, 416]];
refXn{28}=[[-0.34902, 0.130368, 0.928003]];
imgPoseR{28}=[[0.99765944, -0.029005745, 0.061921556;
 0.031501759, 0.99871409, -0.039720904;
 -0.060689796, 0.041578572, 0.99729031]];
imgPoseT{28}=[[1.12317, -0.277425, 0.328092]];
imgPos{28}=[[100, 404]];
imgXn{28}=[[-0.329615, 0.11828, 0.936677]];
refPoseR{29}=[[0.99855798, -0.02794412, 0.045837082;
 0.028951384, 0.99935043, -0.021460116;
 -0.045207623, 0.022756217, 0.99871838]];
refPoseT{29}=[[0.966239, -0.348848, 0.322404]];
refPos{29}=[[112, 536]];
refXn{29}=[[-0.312269, 0.25562, 0.914957]];
imgPoseR{29}=[[0.99765944, -0.029005745, 0.061921556;
 0.031501759, 0.99871409, -0.039720904;
 -0.060689796, 0.041578572, 0.99729031]];
imgPoseT{29}=[[1.12317, -0.277425, 0.328092]];
imgPos{29}=[[136, 524]];
imgXn{29}=[[-0.289043, 0.244718, 0.925509]];
refPoseR{30}=[[0.99855798, -0.02794412, 0.045837082;
 0.028951384, 0.99935043, -0.021460116;
 -0.045207623, 0.022756217, 0.99871838]];
refPoseT{30}=[[0.966239, -0.348848, 0.322404]];
refPos{30}=[[580, 536]];
refXn{30}=[[0.18452, 0.261092, 0.947514]];
imgPoseR{30}=[[0.99765944, -0.029005745, 0.061921556;
 0.031501759, 0.99871409, -0.039720904;
 -0.060689796, 0.041578572, 0.99729031]];
imgPoseT{30}=[[1.12317, -0.277425, 0.328092]];
imgPos{30}=[[604, 524]];
imgXn{30}=[[0.210107, 0.247908, 0.945726]];
refPoseR{31}=[[0.99855798, -0.02794412, 0.045837082;
 0.028951384, 0.99935043, -0.021460116;
 -0.045207623, 0.022756217, 0.99871838]];
refPoseT{31}=[[0.966239, -0.348848, 0.322404]];
refPos{31}=[[520, 560]];
refXn{31}=[[0.120174, 0.287392, 0.950244]];
imgPoseR{31}=[[0.99765944, -0.029005745, 0.061921556;
 0.031501759, 0.99871409, -0.039720904;
 -0.060689796, 0.041578572, 0.99729031]];
imgPoseT{31}=[[1.12317, -0.277425, 0.328092]];
imgPos{31}=[[544, 548]];
imgXn{31}=[[0.146053, 0.274493, 0.950433]];
refPoseR{32}=[[0.99855798, -0.02794412, 0.045837082;
 0.028951384, 0.99935043, -0.021460116;
 -0.045207623, 0.022756217, 0.99871838]];
refPoseT{32}=[[0.966239, -0.348848, 0.322404]];
refPos{32}=[[532, 532]];
refXn{32}=[[0.133634, 0.258242, 0.956793]];
imgPoseR{32}=[[0.99765944, -0.029005745, 0.061921556;
 0.031501759, 0.99871409, -0.039720904;
 -0.060689796, 0.041578572, 0.99729031]];
imgPoseT{32}=[[1.12317, -0.277425, 0.328092]];
imgPos{32}=[[560, 520]];
imgXn{32}=[[0.163806, 0.245079, 0.955565]];
refPoseR{33}=[[0.99855798, -0.02794412, 0.045837082;
 0.028951384, 0.99935043, -0.021460116;
 -0.045207623, 0.022756217, 0.99871838]];
refPoseT{33}=[[0.966239, -0.348848, 0.322404]];
refPos{33}=[[84, 368]];
refXn{33}=[[-0.346281, 0.0797143, 0.934738]];
imgPoseR{33}=[[0.99765944, -0.029005745, 0.061921556;
 0.031501759, 0.99871409, -0.039720904;
 -0.060689796, 0.041578572, 0.99729031]];
imgPoseT{33}=[[1.12317, -0.277425, 0.328092]];
imgPos{33}=[[108, 356]];
imgXn{33}=[[-0.322582, 0.0673073, 0.944145]];
refPoseR{34}=[[0.99855798, -0.02794412, 0.045837082;
 0.028951384, 0.99935043, -0.021460116;
 -0.045207623, 0.022756217, 0.99871838]];
refPoseT{34}=[[0.966239, -0.348848, 0.322404]];
refPos{34}=[[68, 288]];
refXn{34}=[[-0.36269, -0.00565019, 0.931893]];
imgPoseR{34}=[[0.99765944, -0.029005745, 0.061921556;
 0.031501759, 0.99871409, -0.039720904;
 -0.060689796, 0.041578572, 0.99729031]];
imgPoseT{34}=[[1.12317, -0.277425, 0.328092]];
imgPos{34}=[[64, 276]];
imgXn{34}=[[-0.366551, -0.0184129, 0.930216]];
refPoseR{35}=[[0.99855798, -0.02794412, 0.045837082;
 0.028951384, 0.99935043, -0.021460116;
 -0.045207623, 0.022756217, 0.99871838]];
refPoseT{35}=[[0.966239, -0.348848, 0.322404]];
refPos{35}=[[48, 408]];
refXn{35}=[[-0.380199, 0.12097, 0.91696]];
imgPoseR{35}=[[0.99765944, -0.029005745, 0.061921556;
 0.031501759, 0.99871409, -0.039720904;
 -0.060689796, 0.041578572, 0.99729031]];
imgPoseT{35}=[[1.12317, -0.277425, 0.328092]];
imgPos{35}=[[72, 396]];
imgXn{35}=[[-0.357415, 0.109085, 0.927553]];
refPoseR{36}=[[0.99855798, -0.02794412, 0.045837082;
 0.028951384, 0.99935043, -0.021460116;
 -0.045207623, 0.022756217, 0.99871838]];
refPoseT{36}=[[0.966239, -0.348848, 0.322404]];
refPos{36}=[[36, 284]];
refXn{36}=[[-0.393476, -0.00982865, 0.919282]];
imgPoseR{36}=[[0.99765944, -0.029005745, 0.061921556;
 0.031501759, 0.99871409, -0.039720904;
 -0.060689796, 0.041578572, 0.99729031]];
imgPoseT{36}=[[1.12317, -0.277425, 0.328092]];
imgPos{36}=[[60, 276]];
imgXn{36}=[[-0.370435, -0.0183943, 0.928676]];
refPoseR{37}=[[0.99855798, -0.02794412, 0.045837082;
 0.028951384, 0.99935043, -0.021460116;
 -0.045207623, 0.022756217, 0.99871838]];
refPoseT{37}=[[0.966239, -0.348848, 0.322404]];
refPos{37}=[[24, 384]];
refXn{37}=[[-0.403559, 0.0951962, 0.909988]];
imgPoseR{37}=[[0.99765944, -0.029005745, 0.061921556;
 0.031501759, 0.99871409, -0.039720904;
 -0.060689796, 0.041578572, 0.99729031]];
imgPoseT{37}=[[1.12317, -0.277425, 0.328092]];
imgPos{37}=[[48, 372]];
imgXn{37}=[[-0.381178, 0.0832141, 0.920749]];
refPoseR{38}=[[0.99855798, -0.02794412, 0.045837082;
 0.028951384, 0.99935043, -0.021460116;
 -0.045207623, 0.022756217, 0.99871838]];
refPoseT{38}=[[0.966239, -0.348848, 0.322404]];
refPos{38}=[[412, 436]];
refXn{38}=[[0.00387569, 0.157148, 0.987567]];
imgPoseR{38}=[[0.99765944, -0.029005745, 0.061921556;
 0.031501759, 0.99871409, -0.039720904;
 -0.060689796, 0.041578572, 0.99729031]];
imgPoseT{38}=[[1.12317, -0.277425, 0.328092]];
imgPos{38}=[[436, 428]];
imgXn{38}=[[0.0303215, 0.148412, 0.988461]];
refPoseR{39}=[[0.99855798, -0.02794412, 0.045837082;
 0.028951384, 0.99935043, -0.021460116;
 -0.045207623, 0.022756217, 0.99871838]];
refPoseT{39}=[[0.966239, -0.348848, 0.322404]];
refPos{39}=[[416, 576]];
refXn{39}=[[0.00811301, 0.305019, 0.952312]];
imgPoseR{39}=[[0.99765944, -0.029005745, 0.061921556;
 0.031501759, 0.99871409, -0.039720904;
 -0.060689796, 0.041578572, 0.99729031]];
imgPoseT{39}=[[1.12317, -0.277425, 0.328092]];
imgPos{39}=[[440, 564]];
imgXn{39}=[[0.0340761, 0.292655, 0.955611]];
refPoseR{40}=[[0.99855798, -0.02794412, 0.045837082;
 0.028951384, 0.99935043, -0.021460116;
 -0.045207623, 0.022756217, 0.99871838]];
refPoseT{40}=[[0.966239, -0.348848, 0.322404]];
refPos{40}=[[356, 576]];
refXn{40}=[[-0.0565712, 0.30473, 0.950757]];
imgPoseR{40}=[[0.99765944, -0.029005745, 0.061921556;
 0.031501759, 0.99871409, -0.039720904;
 -0.060689796, 0.041578572, 0.99729031]];
imgPoseT{40}=[[1.12317, -0.277425, 0.328092]];
imgPos{40}=[[380, 564]];
imgXn{40}=[[-0.0307931, 0.292673, 0.955716]];
refPoseR{41}=[[0.99855798, -0.02794412, 0.045837082;
 0.028951384, 0.99935043, -0.021460116;
 -0.045207623, 0.022756217, 0.99871838]];
refPoseT{41}=[[0.966239, -0.348848, 0.322404]];
refPos{41}=[[440, 556]];
refXn{41}=[[0.0341269, 0.284429, 0.95809]];
imgPoseR{41}=[[0.99765944, -0.029005745, 0.061921556;
 0.031501759, 0.99871409, -0.039720904;
 -0.060689796, 0.041578572, 0.99729031]];
imgPoseT{41}=[[1.12317, -0.277425, 0.328092]];
imgPos{41}=[[464, 544]];
imgXn{41}=[[0.0601975, 0.271821, 0.960463]];
refPoseR{42}=[[0.99855798, -0.02794412, 0.045837082;
 0.028951384, 0.99935043, -0.021460116;
 -0.045207623, 0.022756217, 0.99871838]];
refPoseT{42}=[[0.966239, -0.348848, 0.322404]];
refPos{42}=[[76, 256]];
refXn{42}=[[-0.354682, -0.0397952, 0.93414]];
imgPoseR{42}=[[0.99765944, -0.029005745, 0.061921556;
 0.031501759, 0.99871409, -0.039720904;
 -0.060689796, 0.041578572, 0.99729031]];
imgPoseT{42}=[[1.12317, -0.277425, 0.328092]];
imgPos{42}=[[84, 244]];
imgXn{42}=[[-0.346673, -0.0526763, 0.936506]];
refPoseR{43}=[[0.99855798, -0.02794412, 0.045837082;
 0.028951384, 0.99935043, -0.021460116;
 -0.045207623, 0.022756217, 0.99871838]];
refPoseT{43}=[[0.966239, -0.348848, 0.322404]];
refPos{43}=[[404, 252]];
refXn{43}=[[-0.00496552, -0.045773, 0.99894]];
imgPoseR{43}=[[0.99765944, -0.029005745, 0.061921556;
 0.031501759, 0.99871409, -0.039720904;
 -0.060689796, 0.041578572, 0.99729031]];
imgPoseT{43}=[[1.12317, -0.277425, 0.328092]];
imgPos{43}=[[432, 240]];
imgXn{43}=[[0.0260493, -0.0590384, 0.997916]];
refPoseR{44}=[[0.99855798, -0.02794412, 0.045837082;
 0.028951384, 0.99935043, -0.021460116;
 -0.045207623, 0.022756217, 0.99871838]];
refPoseT{44}=[[0.966239, -0.348848, 0.322404]];
refPos{44}=[[408, 380]];
refXn{44}=[[-0.000531726, 0.0958898, 0.995392]];
imgPoseR{44}=[[0.99765944, -0.029005745, 0.061921556;
 0.031501759, 0.99871409, -0.039720904;
 -0.060689796, 0.041578572, 0.99729031]];
imgPoseT{44}=[[1.12317, -0.277425, 0.328092]];
imgPos{44}=[[436, 364]];
imgXn{44}=[[0.0304556, 0.0782391, 0.996469]];
refPoseR{45}=[[0.99855798, -0.02794412, 0.045837082;
 0.028951384, 0.99935043, -0.021460116;
 -0.045207623, 0.022756217, 0.99871838]];
refPoseT{45}=[[0.966239, -0.348848, 0.322404]];
refPos{45}=[[444, 580]];
refXn{45}=[[0.0382771, 0.308956, 0.950306]];
imgPoseR{45}=[[0.99765944, -0.029005745, 0.061921556;
 0.031501759, 0.99871409, -0.039720904;
 -0.060689796, 0.041578572, 0.99729031]];
imgPoseT{45}=[[1.12317, -0.277425, 0.328092]];
imgPos{45}=[[468, 568]];
imgXn{45}=[[0.064241, 0.296488, 0.952874]];
refPoseR{46}=[[0.99855798, -0.02794412, 0.045837082;
 0.028951384, 0.99935043, -0.021460116;
 -0.045207623, 0.022756217, 0.99871838]];
refPoseT{46}=[[0.966239, -0.348848, 0.322404]];
refPos{46}=[[44, 252]];
refXn{46}=[[-0.385632, -0.0437012, 0.921617]];
imgPoseR{46}=[[0.99765944, -0.029005745, 0.061921556;
 0.031501759, 0.99871409, -0.039720904;
 -0.060689796, 0.041578572, 0.99729031]];
imgPoseT{46}=[[1.12317, -0.277425, 0.328092]];
imgPos{46}=[[88, 244]];
imgXn{46}=[[-0.342717, -0.0527251, 0.937958]];
refPoseR{47}=[[0.99855798, -0.02794412, 0.045837082;
 0.028951384, 0.99935043, -0.021460116;
 -0.045207623, 0.022756217, 0.99871838]];
refPoseT{47}=[[0.966239, -0.348848, 0.322404]];
refPos{47}=[[388, 432]];
refXn{47}=[[-0.0225605, 0.15278, 0.988003]];
imgPoseR{47}=[[0.99765944, -0.029005745, 0.061921556;
 0.031501759, 0.99871409, -0.039720904;
 -0.060689796, 0.041578572, 0.99729031]];
imgPoseT{47}=[[1.12317, -0.277425, 0.328092]];
imgPos{47}=[[412, 420]];
imgXn{47}=[[0.00388132, 0.13973, 0.990182]];
refPoseR{48}=[[0.99855798, -0.02794412, 0.045837082;
 0.028951384, 0.99935043, -0.021460116;
 -0.045207623, 0.022756217, 0.99871838]];
refPoseT{48}=[[0.966239, -0.348848, 0.322404]];
refPos{48}=[[16, 360]];
refXn{48}=[[-0.411579, 0.0699412, 0.908686]];
imgPoseR{48}=[[0.99765944, -0.029005745, 0.061921556;
 0.031501759, 0.99871409, -0.039720904;
 -0.060689796, 0.041578572, 0.99729031]];
imgPoseT{48}=[[1.12317, -0.277425, 0.328092]];
imgPos{48}=[[44, 348]];
imgXn{48}=[[-0.38545, 0.0578426, 0.920914]];
refPoseR{49}=[[0.99855798, -0.02794412, 0.045837082;
 0.028951384, 0.99935043, -0.021460116;
 -0.045207623, 0.022756217, 0.99871838]];
refPoseT{49}=[[0.966239, -0.348848, 0.322404]];
refPos{49}=[[416, 552]];
refXn{49}=[[0.00814989, 0.280392, 0.959851]];
imgPoseR{49}=[[0.99765944, -0.029005745, 0.061921556;
 0.031501759, 0.99871409, -0.039720904;
 -0.060689796, 0.041578572, 0.99729031]];
imgPoseT{49}=[[1.12317, -0.277425, 0.328092]];
imgPos{49}=[[208, 444]];
imgXn{49}=[[-0.217603, 0.163566, 0.962235]];
refPoseR{50}=[[0.99855798, -0.02794412, 0.045837082;
 0.028951384, 0.99935043, -0.021460116;
 -0.045207623, 0.022756217, 0.99871838]];
refPoseT{50}=[[0.966239, -0.348848, 0.322404]];
refPos{50}=[[100, 328]];
refXn{50}=[[-0.330919, 0.0372194, 0.942925]];
imgPoseR{50}=[[0.99765944, -0.029005745, 0.061921556;
 0.031501759, 0.99871409, -0.039720904;
 -0.060689796, 0.041578572, 0.99729031]];
imgPoseT{50}=[[1.12317, -0.277425, 0.328092]];
imgPos{50}=[[128, 316]];
imgXn{50}=[[-0.302712, 0.0244947, 0.952767]];
selectedId=[26];
